688					
(					
	//Ymin				
	(	-0.3	-0.35	0.00E+00	)
	(	-0.3	-0.35	3.28E-06	)
	(	-0.3	-0.35	2.10E-05	)
	(	-0.3	-0.35	3.13E-05	)
	(	-0.3	-0.35	4.24E-05	)
	(	-0.3	-0.35	5.47E-05	)
	(	-0.3	-0.35	6.80E-05	)
	(	-0.3	-0.35	8.28E-05	)
	(	-0.3	-0.35	9.87E-05	)
	(	-0.3	-0.35	0.000116426	)
	(	-0.3	-0.35	0.000135532	)
	(	-0.3	-0.35	0.000156829	)
	(	-0.3	-0.35	0.000179756	)
	(	-0.3	-0.35	0.000205313	)
	(	-0.3	-0.35	0.000232825	)
	(	-0.3	-0.35	0.000263493	)
	(	-0.3	-0.35	0.000296508	)
	(	-0.3	-0.35	0.000333309	)
	(	-0.3	-0.35	0.000372927	)
	(	-0.3	-0.35	0.000417089	)
	(	-0.3	-0.35	0.00046463	)
	(	-0.3	-0.35	0.000517624	)
	(	-0.3	-0.35	0.000574674	)
	(	-0.3	-0.35	0.000638267	)
	(	-0.3	-0.35	0.000706727	)
	(	-0.3	-0.35	0.000783038	)
	(	-0.3	-0.35	0.00086519	)
	(	-0.3	-0.35	0.000956763	)
	(	-0.3	-0.35	0.00105535	)
	(	-0.3	-0.35	0.00116523	)
	(	-0.3	-0.35	0.00128353	)
	(	-0.3	-0.35	0.0014154	)
	(	-0.3	-0.35	0.00155736	)
	(	-0.3	-0.35	0.0017156	)
	(	-0.3	-0.35	0.00188594	)
	(	-0.3	-0.35	0.00207583	)
	(	-0.3	-0.35	0.00228025	)
	(	-0.3	-0.35	0.00250812	)
	(	-0.3	-0.35	0.00275342	)
	(	-0.3	-0.35	0.00302686	)
	(	-0.3	-0.35	0.00343273	)
	(	-0.3	-0.35	0.003692	)
	(	-0.3	-0.35	0.00374684	)
	(	-0.3	-0.35	0.00416525	)
	(	-0.3	-0.35	0.00499553	)
	(	-0.3	-0.35	0.0057763	)
	(	-0.3	-0.35	0.00644991	)
	(	-0.3	-0.35	0.00723304	)
	(	-0.3	-0.35	0.0080169	)
	(	-0.3	-0.35	0.00880165	)
	(	-0.3	-0.35	0.00969556	)
	(	-0.3	-0.35	0.0104813	)
	(	-0.3	-0.35	0.0112672	)
	(	-0.3	-0.35	0.0120533	)
	(	-0.3	-0.35	0.0127305	)
	(	-0.3	-0.35	0.0135165	)
	(	-0.3	-0.35	0.0143021	)
	(	-0.3	-0.35	0.0150874	)
	(	-0.3	-0.35	0.0159809	)
	(	-0.3	-0.35	0.0167654	)
	(	-0.3	-0.35	0.0175492	)
	(	-0.3	-0.35	0.0183326	)
	(	-0.3	-0.35	0.019007	)
	(	-0.3	-0.35	0.0197893	)
	(	-0.3	-0.35	0.0205711	)
	(	-0.3	-0.35	0.0213522	)
	(	-0.3	-0.35	0.0222409	)
	(	-0.3	-0.35	0.023021	)
	(	-0.3	-0.35	0.0238007	)
	(	-0.3	-0.35	0.0245799	)
	(	-0.3	-0.35	0.025251	)
	(	-0.3	-0.35	0.0260295	)
	(	-0.3	-0.35	0.0268077	)
	(	-0.3	-0.35	0.0275857	)
	(	-0.3	-0.35	0.028471	)
	(	-0.3	-0.35	0.0292485	)
	(	-0.3	-0.35	0.0300257	)
	(	-0.3	-0.35	0.0308028	)
	(	-0.3	-0.35	0.0314722	)
	(	-0.3	-0.35	0.032249	)
	(	-0.3	-0.35	0.0330258	)
	(	-0.3	-0.35	0.0338024	)
	(	-0.3	-0.35	0.0346865	)
	(	-0.3	-0.35	0.0354631	)
	(	-0.3	-0.35	0.0362395	)
	(	-0.3	-0.35	0.0370159	)
	(	-0.3	-0.35	0.0376849	)
	(	-0.3	-0.35	0.0384612	)
	(	-0.3	-0.35	0.0392376	)
	(	-0.3	-0.35	0.0400139	)
	(	-0.3	-0.35	0.0408977	)
	(	-0.3	-0.35	0.041674	)
	(	-0.3	-0.35	0.0424503	)
	(	-0.3	-0.35	0.0432265	)
	(	-0.3	-0.35	0.0438953	)
	(	-0.3	-0.35	0.0446716	)
	(	-0.3	-0.35	0.0454479	)
	(	-0.3	-0.35	0.0462242	)
	(	-0.3	-0.35	0.0471079	)
	(	-0.3	-0.35	0.0478842	)
	(	-0.3	-0.35	0.0486604	)
	(	-0.3	-0.35	0.0494367	)
	(	-0.3	-0.35	0.0501055	)
	(	-0.3	-0.35	0.0508817	)
	(	-0.3	-0.35	0.051658	)
	(	-0.3	-0.35	0.0524342	)
	(	-0.3	-0.35	0.053318	)
	(	-0.3	-0.35	0.0540942	)
	(	-0.3	-0.35	0.0548705	)
	(	-0.3	-0.35	0.0556467	)
	(	-0.3	-0.35	0.0563155	)
	(	-0.3	-0.35	0.0570918	)
	(	-0.3	-0.35	0.057868	)
	(	-0.3	-0.35	0.0586443	)
	(	-0.3	-0.35	0.059528	)
	(	-0.3	-0.35	0.0603043	)
	(	-0.3	-0.35	0.0610805	)
	(	-0.3	-0.35	0.0618568	)
	(	-0.3	-0.35	0.0625256	)
	(	-0.3	-0.35	0.0633018	)
	(	-0.3	-0.35	0.0640781	)
	(	-0.3	-0.35	0.0648543	)
	(	-0.3	-0.35	0.0657381	)
	(	-0.3	-0.35	0.0665143	)
	(	-0.3	-0.35	0.0672906	)
	(	-0.3	-0.35	0.0680668	)
	(	-0.3	-0.35	0.0687356	)
	(	-0.3	-0.35	0.0695119	)
	(	-0.3	-0.35	0.0702881	)
	(	-0.3	-0.35	0.0710644	)
	(	-0.3	-0.35	0.0719481	)
	(	-0.3	-0.35	0.0727244	)
	(	-0.3	-0.35	0.0735006	)
	(	-0.3	-0.35	0.0742769	)
	(	-0.3	-0.35	0.0749457	)
	(	-0.3	-0.35	0.0757219	)
	(	-0.3	-0.35	0.0764982	)
	(	-0.3	-0.35	0.0772744	)
	(	-0.3	-0.35	0.0781582	)
	(	-0.3	-0.35	0.0789344	)
	(	-0.3	-0.35	0.0797107	)
	(	-0.3	-0.35	0.080487	)
	(	-0.3	-0.35	0.0817051	)
	(	-0.3	-0.35	0.0832576	)
	(	-0.3	-0.35	0.0839264	)
	(	-0.3	-0.35	0.0851445	)
	(	-0.3	-0.35	0.086697	)
	(	-0.3	-0.35	0.0882495	)
	(	-0.3	-0.35	0.089802	)
	(	-0.3	-0.35	0.0904708	)
	(	-0.3	-0.35	0.0920233	)
	(	-0.3	-0.35	0.0935758	)
	(	-0.3	-0.35	0.0951284	)
	(	-0.3	-0.35	0.0975646	)
	(	-0.3	-0.35	0.0991171	)
	(	-0.3	-0.35	0.10067	)
	(	-0.3	-0.35	0.102222	)
	(	-0.3	-0.35	0.102891	)
	(	-0.3	-0.35	0.104443	)
	(	-0.3	-0.35	0.105996	)
	(	-0.3	-0.35	0.107548	)
	(	-0.3	-0.35	0.109985	)
	(	-0.3	-0.35	0.111537	)
	(	-0.3	-0.35	0.11309	)
	(	-0.3	-0.35	0.114642	)
	(	-0.3	-0.35	0.115311	)
	(	-0.3	-0.35	0.116864	)
	(	-0.3	-0.35	0.118416	)
	(	-0.3	-0.35	0.119969	)
	(	-0.3	-0.35	0.122405	)
	(	-0.3	-0.35	0.123957	)
	(	-0.3	-0.35	0.12551	)
	(	-0.3	-0.35	0.127062	)
	(	-0.3	-0.35	0.127731	)
	(	-0.3	-0.35	0.129284	)
	(	-0.3	-0.35	0.130836	)
	(	-0.3	-0.35	0.132389	)
	(	-0.3	-0.35	0.134825	)
	(	-0.3	-0.35	0.136377	)
	(	-0.3	-0.35	0.13793	)
	(	-0.3	-0.35	0.139482	)
	(	-0.3	-0.35	0.140151	)
	(	-0.3	-0.35	0.141704	)
	(	-0.3	-0.35	0.143256	)
	(	-0.3	-0.35	0.144809	)
	(	-0.3	-0.35	0.147245	)
	(	-0.3	-0.35	0.148798	)
	(	-0.3	-0.35	0.15035	)
	(	-0.3	-0.35	0.151903	)
	(	-0.3	-0.35	0.152571	)
	(	-0.3	-0.35	0.154124	)
	(	-0.3	-0.35	0.155676	)
	(	-0.3	-0.35	0.157229	)
	(	-0.3	-0.35	0.159665	)
	(	-0.3	-0.35	0.161218	)
	(	-0.3	-0.35	0.16277	)
	(	-0.3	-0.35	0.164323	)
	(	-0.3	-0.35	0.165875	)
	(	-0.3	-0.35	0.167428	)
	(	-0.3	-0.35	0.168097	)
	(	-0.3	-0.35	0.169649	)
	(	-0.3	-0.35	0.172085	)
	(	-0.3	-0.35	0.173638	)
	(	-0.3	-0.35	0.17519	)
	(	-0.3	-0.35	0.176743	)
	(	-0.3	-0.35	0.177412	)
	(	-0.3	-0.35	0.178964	)
	(	-0.3	-0.35	0.180517	)
	(	-0.3	-0.35	0.182069	)
	(	-0.3	-0.35	0.184505	)
	(	-0.3	-0.35	0.186058	)
	(	-0.3	-0.35	0.18761	)
	(	-0.3	-0.35	0.189163	)
	(	-0.3	-0.35	0.189832	)
	(	-0.3	-0.35	0.191384	)
	(	-0.3	-0.35	0.192937	)
	(	-0.3	-0.35	0.194489	)
	(	-0.3	-0.35	0.196925	)
	(	-0.3	-0.35	0.198478	)
	(	-0.3	-0.35	0.200031	)
	(	-0.3	-0.35	0.201583	)
	(	-0.3	-0.35	0.202252	)
	(	-0.3	-0.35	0.203804	)
	(	-0.3	-0.35	0.205357	)
	(	-0.3	-0.35	0.206909	)
	(	-0.3	-0.35	0.209346	)
	(	-0.3	-0.35	0.210898	)
	(	-0.3	-0.35	0.212451	)
	(	-0.3	-0.35	0.214003	)
	(	-0.3	-0.35	0.214672	)
	(	-0.3	-0.35	0.216224	)
	(	-0.3	-0.35	0.217777	)
	(	-0.3	-0.35	0.219329	)
	(	-0.3	-0.35	0.221766	)
	(	-0.3	-0.35	0.223318	)
	(	-0.3	-0.35	0.224871	)
	(	-0.3	-0.35	0.226423	)
	(	-0.3	-0.35	0.227092	)
	(	-0.3	-0.35	0.228645	)
	(	-0.3	-0.35	0.231081	)
	(	-0.3	-0.35	0.232633	)
	(	-0.3	-0.35	0.232968	)
	(	-0.3	-0.35	0.233302	)
	(	-0.3	-0.35	0.236407	)
	(	-0.3	-0.35	0.241948	)
	(	-0.3	-0.35	0.245053	)
	(	-0.3	-0.35	0.248158	)
	(	-0.3	-0.35	0.251263	)
	(	-0.3	-0.35	0.254368	)
	(	-0.3	-0.35	0.257473	)
	(	-0.3	-0.35	0.260579	)
	(	-0.3	-0.35	0.263684	)
	(	-0.3	-0.35	0.266789	)
	(	-0.3	-0.35	0.269894	)
	(	-0.3	-0.35	0.272999	)
	(	-0.3	-0.35	0.276104	)
	(	-0.3	-0.35	0.279209	)
	(	-0.3	-0.35	0.282314	)
	(	-0.3	-0.35	0.285419	)
	(	-0.3	-0.35	0.288524	)
	(	-0.3	-0.35	0.291629	)
	(	-0.3	-0.35	0.294734	)
	(	-0.3	-0.35	0.297839	)
	(	-0.3	-0.35	0.300944	)
	(	-0.3	-0.35	0.304049	)
	(	-0.3	-0.35	0.307154	)
	(	-0.3	-0.35	0.310259	)
	(	-0.3	-0.35	0.313364	)
	(	-0.3	-0.35	0.316469	)
	(	-0.3	-0.35	0.319574	)
	(	-0.3	-0.35	0.322679	)
	(	-0.3	-0.35	0.325784	)
	(	-0.3	-0.35	0.328889	)
	(	-0.3	-0.35	0.331994	)
	(	-0.3	-0.35	0.335099	)
	(	-0.3	-0.35	0.338204	)
	(	-0.3	-0.35	0.341309	)
	(	-0.3	-0.35	0.344414	)
	(	-0.3	-0.35	0.347519	)
	(	-0.3	-0.35	0.350624	)
	(	-0.3	-0.35	0.350962	)
	(	-0.3	-0.35	0.350997	)
	(	-0.3	-0.35	0.353768	)
	(	-0.3	-0.35	0.356838	)
	(	-0.3	-0.35	0.357503	)
	(	-0.3	-0.35	0.360608	)
	(	-0.3	-0.35	0.366149	)
	(	-0.3	-0.35	0.369254	)
	(	-0.3	-0.35	0.369923	)
	(	-0.3	-0.35	0.373028	)
	(	-0.3	-0.35	0.37857	)
	(	-0.3	-0.35	0.381675	)
	(	-0.3	-0.35	0.384749	)
	(	-0.3	-0.35	0.387819	)
	(	-0.3	-0.35	0.388154	)
	(	-0.3	-0.35	0.388188	)
	(	-0.3	-0.35	0.39099	)
	(	-0.3	-0.35	0.394095	)
	(	-0.3	-0.35	0.3972	)
	(	-0.3	-0.35	0.400305	)
	(	-0.3	-0.35	0.40341	)
	(	-0.3	-0.35	0.406515	)
	(	-0.3	-0.35	0.406851	)
	(	-0.3	-0.35	0.407787	)
	(	-0.3	-0.35	0.410557	)
	(	-0.3	-0.35	0.412727	)
	(	-0.3	-0.35	0.41583	)
	(	-0.3	-0.35	0.418935	)
	(	-0.3	-0.35	0.422009	)
	(	-0.3	-0.35	0.42508	)
	(	-0.3	-0.35	0.425414	)
	(	-0.3	-0.35	0.425449	)
	(	-0.3	-0.35	0.425483	)
	(	-0.3	-0.35	0.425518	)
	(	-0.3	-0.35	0.428288	)
	(	-0.3	-0.35	0.431359	)
	(	-0.3	-0.35	0.432024	)
	(	-0.3	-0.35	0.435129	)
	(	-0.3	-0.35	0.44067	)
	(	-0.3	-0.35	0.443775	)
	(	-0.3	-0.35	0.446849	)
	(	-0.3	-0.35	0.44992	)
	(	-0.3	-0.35	0.450254	)
	(	-0.3	-0.35	0.450289	)
	(	-0.3	-0.35	0.45309	)
	(	-0.3	-0.35	0.456195	)	
	(	-0.3	-0.35	0.4593	)
	(	-0.3	-0.35	0.462405	)
	(	-0.3	-0.35	0.46551	)
	(	-0.3	-0.35	0.468615	)
	(	-0.3	-0.35	0.47172	)
	(	-0.3	-0.35	0.474825	)
	(	-0.3	-0.35	0.475163	)
	(	-0.3	-0.35	0.475182	)
	(	-0.3	-0.35	0.477952	)
	(	-0.3	-0.35	0.481038	)
	(	-0.3	-0.35	0.48414	)
	(	-0.3	-0.35	0.487245	)
	(	-0.3	-0.35	0.49035	)
	(	-0.3	-0.35	0.493455	)
	(	-0.3	-0.35	0.496545	)
	(	-0.3	-0.35	0.499631	)
	(	-0.3	-0.35	0.499965	)
	(	-0.3	-0.35	0.5	)
	//Ymax				
	(	-0.3	0.35	0.00E+00	)
	(	-0.3	0.35	3.28E-06	)
	(	-0.3	0.35	2.10E-05	)
	(	-0.3	0.35	3.13E-05	)
	(	-0.3	0.35	4.24E-05	)
	(	-0.3	0.35	5.47E-05	)
	(	-0.3	0.35	6.80E-05	)
	(	-0.3	0.35	8.28E-05	)
	(	-0.3	0.35	9.87E-05	)
	(	-0.3	0.35	0.000116426	)
	(	-0.3	0.35	0.000135532	)
	(	-0.3	0.35	0.000156829	)
	(	-0.3	0.35	0.000179756	)
	(	-0.3	0.35	0.000205313	)
	(	-0.3	0.35	0.000232825	)
	(	-0.3	0.35	0.000263493	)
	(	-0.3	0.35	0.000296508	)
	(	-0.3	0.35	0.000333309	)
	(	-0.3	0.35	0.000372927	)
	(	-0.3	0.35	0.000417089	)
	(	-0.3	0.35	0.00046463	)
	(	-0.3	0.35	0.000517624	)
	(	-0.3	0.35	0.000574674	)
	(	-0.3	0.35	0.000638267	)
	(	-0.3	0.35	0.000706727	)
	(	-0.3	0.35	0.000783038	)
	(	-0.3	0.35	0.00086519	)
	(	-0.3	0.35	0.000956763	)
	(	-0.3	0.35	0.00105535	)
	(	-0.3	0.35	0.00116523	)
	(	-0.3	0.35	0.00128353	)
	(	-0.3	0.35	0.0014154	)
	(	-0.3	0.35	0.00155736	)
	(	-0.3	0.35	0.0017156	)
	(	-0.3	0.35	0.00188594	)
	(	-0.3	0.35	0.00207583	)
	(	-0.3	0.35	0.00228025	)
	(	-0.3	0.35	0.00250812	)
	(	-0.3	0.35	0.00275342	)
	(	-0.3	0.35	0.00302686	)
	(	-0.3	0.35	0.00343273	)
	(	-0.3	0.35	0.003692	)
	(	-0.3	0.35	0.00374684	)
	(	-0.3	0.35	0.00416525	)
	(	-0.3	0.35	0.00499553	)
	(	-0.3	0.35	0.0057763	)
	(	-0.3	0.35	0.00644991	)
	(	-0.3	0.35	0.00723304	)
	(	-0.3	0.35	0.0080169	)
	(	-0.3	0.35	0.00880165	)
	(	-0.3	0.35	0.00969556	)
	(	-0.3	0.35	0.0104813	)
	(	-0.3	0.35	0.0112672	)
	(	-0.3	0.35	0.0120533	)
	(	-0.3	0.35	0.0127305	)
	(	-0.3	0.35	0.0135165	)
	(	-0.3	0.35	0.0143021	)
	(	-0.3	0.35	0.0150874	)
	(	-0.3	0.35	0.0159809	)
	(	-0.3	0.35	0.0167654	)
	(	-0.3	0.35	0.0175492	)
	(	-0.3	0.35	0.0183326	)
	(	-0.3	0.35	0.019007	)
	(	-0.3	0.35	0.0197893	)
	(	-0.3	0.35	0.0205711	)
	(	-0.3	0.35	0.0213522	)
	(	-0.3	0.35	0.0222409	)
	(	-0.3	0.35	0.023021	)
	(	-0.3	0.35	0.0238007	)
	(	-0.3	0.35	0.0245799	)
	(	-0.3	0.35	0.025251	)
	(	-0.3	0.35	0.0260295	)
	(	-0.3	0.35	0.0268077	)
	(	-0.3	0.35	0.0275857	)
	(	-0.3	0.35	0.028471	)
	(	-0.3	0.35	0.0292485	)
	(	-0.3	0.35	0.0300257	)
	(	-0.3	0.35	0.0308028	)
	(	-0.3	0.35	0.0314722	)
	(	-0.3	0.35	0.032249	)
	(	-0.3	0.35	0.0330258	)
	(	-0.3	0.35	0.0338024	)
	(	-0.3	0.35	0.0346865	)
	(	-0.3	0.35	0.0354631	)
	(	-0.3	0.35	0.0362395	)
	(	-0.3	0.35	0.0370159	)
	(	-0.3	0.35	0.0376849	)
	(	-0.3	0.35	0.0384612	)
	(	-0.3	0.35	0.0392376	)
	(	-0.3	0.35	0.0400139	)
	(	-0.3	0.35	0.0408977	)
	(	-0.3	0.35	0.041674	)
	(	-0.3	0.35	0.0424503	)
	(	-0.3	0.35	0.0432265	)
	(	-0.3	0.35	0.0438953	)
	(	-0.3	0.35	0.0446716	)
	(	-0.3	0.35	0.0454479	)
	(	-0.3	0.35	0.0462242	)
	(	-0.3	0.35	0.0471079	)
	(	-0.3	0.35	0.0478842	)
	(	-0.3	0.35	0.0486604	)
	(	-0.3	0.35	0.0494367	)
	(	-0.3	0.35	0.0501055	)
	(	-0.3	0.35	0.0508817	)
	(	-0.3	0.35	0.051658	)
	(	-0.3	0.35	0.0524342	)
	(	-0.3	0.35	0.053318	)
	(	-0.3	0.35	0.0540942	)
	(	-0.3	0.35	0.0548705	)
	(	-0.3	0.35	0.0556467	)
	(	-0.3	0.35	0.0563155	)
	(	-0.3	0.35	0.0570918	)
	(	-0.3	0.35	0.057868	)
	(	-0.3	0.35	0.0586443	)
	(	-0.3	0.35	0.059528	)
	(	-0.3	0.35	0.0603043	)
	(	-0.3	0.35	0.0610805	)
	(	-0.3	0.35	0.0618568	)
	(	-0.3	0.35	0.0625256	)
	(	-0.3	0.35	0.0633018	)
	(	-0.3	0.35	0.0640781	)
	(	-0.3	0.35	0.0648543	)
	(	-0.3	0.35	0.0657381	)
	(	-0.3	0.35	0.0665143	)
	(	-0.3	0.35	0.0672906	)
	(	-0.3	0.35	0.0680668	)
	(	-0.3	0.35	0.0687356	)
	(	-0.3	0.35	0.0695119	)
	(	-0.3	0.35	0.0702881	)
	(	-0.3	0.35	0.0710644	)
	(	-0.3	0.35	0.0719481	)
	(	-0.3	0.35	0.0727244	)
	(	-0.3	0.35	0.0735006	)
	(	-0.3	0.35	0.0742769	)
	(	-0.3	0.35	0.0749457	)
	(	-0.3	0.35	0.0757219	)
	(	-0.3	0.35	0.0764982	)
	(	-0.3	0.35	0.0772744	)
	(	-0.3	0.35	0.0781582	)
	(	-0.3	0.35	0.0789344	)
	(	-0.3	0.35	0.0797107	)
	(	-0.3	0.35	0.080487	)
	(	-0.3	0.35	0.0817051	)
	(	-0.3	0.35	0.0832576	)
	(	-0.3	0.35	0.0839264	)
	(	-0.3	0.35	0.0851445	)
	(	-0.3	0.35	0.086697	)
	(	-0.3	0.35	0.0882495	)
	(	-0.3	0.35	0.089802	)
	(	-0.3	0.35	0.0904708	)
	(	-0.3	0.35	0.0920233	)
	(	-0.3	0.35	0.0935758	)
	(	-0.3	0.35	0.0951284	)
	(	-0.3	0.35	0.0975646	)
	(	-0.3	0.35	0.0991171	)
	(	-0.3	0.35	0.10067	)
	(	-0.3	0.35	0.102222	)
	(	-0.3	0.35	0.102891	)
	(	-0.3	0.35	0.104443	)
	(	-0.3	0.35	0.105996	)
	(	-0.3	0.35	0.107548	)
	(	-0.3	0.35	0.109985	)
	(	-0.3	0.35	0.111537	)
	(	-0.3	0.35	0.11309	)
	(	-0.3	0.35	0.114642	)
	(	-0.3	0.35	0.115311	)
	(	-0.3	0.35	0.116864	)
	(	-0.3	0.35	0.118416	)
	(	-0.3	0.35	0.119969	)
	(	-0.3	0.35	0.122405	)
	(	-0.3	0.35	0.123957	)
	(	-0.3	0.35	0.12551	)
	(	-0.3	0.35	0.127062	)
	(	-0.3	0.35	0.127731	)
	(	-0.3	0.35	0.129284	)
	(	-0.3	0.35	0.130836	)
	(	-0.3	0.35	0.132389	)
	(	-0.3	0.35	0.134825	)
	(	-0.3	0.35	0.136377	)
	(	-0.3	0.35	0.13793	)
	(	-0.3	0.35	0.139482	)
	(	-0.3	0.35	0.140151	)
	(	-0.3	0.35	0.141704	)
	(	-0.3	0.35	0.143256	)
	(	-0.3	0.35	0.144809	)
	(	-0.3	0.35	0.147245	)
	(	-0.3	0.35	0.148798	)
	(	-0.3	0.35	0.15035	)
	(	-0.3	0.35	0.151903	)
	(	-0.3	0.35	0.152571	)
	(	-0.3	0.35	0.154124	)
	(	-0.3	0.35	0.155676	)
	(	-0.3	0.35	0.157229	)
	(	-0.3	0.35	0.159665	)
	(	-0.3	0.35	0.161218	)
	(	-0.3	0.35	0.16277	)
	(	-0.3	0.35	0.164323	)
	(	-0.3	0.35	0.165875	)
	(	-0.3	0.35	0.167428	)
	(	-0.3	0.35	0.168097	)
	(	-0.3	0.35	0.169649	)
	(	-0.3	0.35	0.172085	)
	(	-0.3	0.35	0.173638	)
	(	-0.3	0.35	0.17519	)
	(	-0.3	0.35	0.176743	)
	(	-0.3	0.35	0.177412	)
	(	-0.3	0.35	0.178964	)
	(	-0.3	0.35	0.180517	)
	(	-0.3	0.35	0.182069	)
	(	-0.3	0.35	0.184505	)
	(	-0.3	0.35	0.186058	)
	(	-0.3	0.35	0.18761	)
	(	-0.3	0.35	0.189163	)
	(	-0.3	0.35	0.189832	)
	(	-0.3	0.35	0.191384	)
	(	-0.3	0.35	0.192937	)
	(	-0.3	0.35	0.194489	)
	(	-0.3	0.35	0.196925	)
	(	-0.3	0.35	0.198478	)
	(	-0.3	0.35	0.200031	)
	(	-0.3	0.35	0.201583	)
	(	-0.3	0.35	0.202252	)
	(	-0.3	0.35	0.203804	)
	(	-0.3	0.35	0.205357	)
	(	-0.3	0.35	0.206909	)
	(	-0.3	0.35	0.209346	)
	(	-0.3	0.35	0.210898	)
	(	-0.3	0.35	0.212451	)
	(	-0.3	0.35	0.214003	)
	(	-0.3	0.35	0.214672	)
	(	-0.3	0.35	0.216224	)
	(	-0.3	0.35	0.217777	)
	(	-0.3	0.35	0.219329	)
	(	-0.3	0.35	0.221766	)
	(	-0.3	0.35	0.223318	)
	(	-0.3	0.35	0.224871	)
	(	-0.3	0.35	0.226423	)
	(	-0.3	0.35	0.227092	)
	(	-0.3	0.35	0.228645	)
	(	-0.3	0.35	0.231081	)
	(	-0.3	0.35	0.232633	)
	(	-0.3	0.35	0.232968	)
	(	-0.3	0.35	0.233302	)
	(	-0.3	0.35	0.236407	)
	(	-0.3	0.35	0.241948	)
	(	-0.3	0.35	0.245053	)
	(	-0.3	0.35	0.248158	)
	(	-0.3	0.35	0.251263	)
	(	-0.3	0.35	0.254368	)
	(	-0.3	0.35	0.257473	)
	(	-0.3	0.35	0.260579	)
	(	-0.3	0.35	0.263684	)
	(	-0.3	0.35	0.266789	)
	(	-0.3	0.35	0.269894	)
	(	-0.3	0.35	0.272999	)
	(	-0.3	0.35	0.276104	)
	(	-0.3	0.35	0.279209	)
	(	-0.3	0.35	0.282314	)
	(	-0.3	0.35	0.285419	)
	(	-0.3	0.35	0.288524	)
	(	-0.3	0.35	0.291629	)
	(	-0.3	0.35	0.294734	)
	(	-0.3	0.35	0.297839	)
	(	-0.3	0.35	0.300944	)
	(	-0.3	0.35	0.304049	)
	(	-0.3	0.35	0.307154	)
	(	-0.3	0.35	0.310259	)
	(	-0.3	0.35	0.313364	)
	(	-0.3	0.35	0.316469	)
	(	-0.3	0.35	0.319574	)
	(	-0.3	0.35	0.322679	)
	(	-0.3	0.35	0.325784	)
	(	-0.3	0.35	0.328889	)
	(	-0.3	0.35	0.331994	)
	(	-0.3	0.35	0.335099	)
	(	-0.3	0.35	0.338204	)
	(	-0.3	0.35	0.341309	)
	(	-0.3	0.35	0.344414	)
	(	-0.3	0.35	0.347519	)
	(	-0.3	0.35	0.350624	)
	(	-0.3	0.35	0.350962	)
	(	-0.3	0.35	0.350997	)
	(	-0.3	0.35	0.353768	)
	(	-0.3	0.35	0.356838	)
	(	-0.3	0.35	0.357503	)
	(	-0.3	0.35	0.360608	)
	(	-0.3	0.35	0.366149	)
	(	-0.3	0.35	0.369254	)
	(	-0.3	0.35	0.369923	)
	(	-0.3	0.35	0.373028	)
	(	-0.3	0.35	0.37857	)
	(	-0.3	0.35	0.381675	)
	(	-0.3	0.35	0.384749	)
	(	-0.3	0.35	0.387819	)
	(	-0.3	0.35	0.388154	)
	(	-0.3	0.35	0.388188	)
	(	-0.3	0.35	0.39099	)
	(	-0.3	0.35	0.394095	)
	(	-0.3	0.35	0.3972	)
	(	-0.3	0.35	0.400305	)
	(	-0.3	0.35	0.40341	)
	(	-0.3	0.35	0.406515	)
	(	-0.3	0.35	0.406851	)
	(	-0.3	0.35	0.407787	)
	(	-0.3	0.35	0.410557	)
	(	-0.3	0.35	0.412727	)
	(	-0.3	0.35	0.41583	)
	(	-0.3	0.35	0.418935	)
	(	-0.3	0.35	0.422009	)
	(	-0.3	0.35	0.42508	)
	(	-0.3	0.35	0.425414	)
	(	-0.3	0.35	0.425449	)
	(	-0.3	0.35	0.425483	)
	(	-0.3	0.35	0.425518	)
	(	-0.3	0.35	0.428288	)
	(	-0.3	0.35	0.431359	)
	(	-0.3	0.35	0.432024	)
	(	-0.3	0.35	0.435129	)
	(	-0.3	0.35	0.44067	)
	(	-0.3	0.35	0.443775	)
	(	-0.3	0.35	0.446849	)
	(	-0.3	0.35	0.44992	)
	(	-0.3	0.35	0.450254	)
	(	-0.3	0.35	0.450289	)
	(	-0.3	0.35	0.45309	)
	(	-0.3	0.35	0.456195	)
	(	-0.3	0.35	0.4593	)
	(	-0.3	0.35	0.462405	)
	(	-0.3	0.35	0.46551	)
	(	-0.3	0.35	0.468615	)
	(	-0.3	0.35	0.47172	)
	(	-0.3	0.35	0.474825	)
	(	-0.3	0.35	0.475163	)
	(	-0.3	0.35	0.475182	)
	(	-0.3	0.35	0.477952	)
	(	-0.3	0.35	0.481038	)
	(	-0.3	0.35	0.48414	)
	(	-0.3	0.35	0.487245	)
	(	-0.3	0.35	0.49035	)
	(	-0.3	0.35	0.493455	)
	(	-0.3	0.35	0.496545	)
	(	-0.3	0.35	0.499631	)
	(	-0.3	0.35	0.499965	)
	(	-0.3	0.35	0.5	)
)									
