688	
(	
	//Ymin
	0
	2.2631E-10
	4.11473E-10
	7.48132E-10
	1.36024E-09
	2.47316E-09
	4.49666E-09
	8.17575E-09
	1.4865E-08
	2.70273E-08
	4.91405E-08
	8.93463E-08
	1.62448E-07
	2.9536E-07
	5.37018E-07
	9.76396E-07
	1.77527E-06
	3.22776E-06
	5.86865E-06
	1.06703E-05
	1.94005E-05
	3.52736E-05
	6.41338E-05
	0.000116607
	0.000212013
	0.000385478
	0.000700868
	0.001274306
	0.00231692
	0.004212582
	0.00765924
	0.01392589
	0.0253198
	0.046036001
	0.08370182
	0.152185127
	0.27670023
	0.263325942
	0.253976712
	0.243920891
	0.230019227
	0.225594925
	0.224671403
	0.217764683
	0.208315768
	0.200708549
	0.194495947
	0.193982688
	0.192396879
	0.189471266
	0.186819746
	0.186373026
	0.184811408
	0.183306402
	0.18155537
	0.180570396
	0.181823954
	0.180650591
	0.180285841
	0.179400699
	0.178165095
	0.176988116
	0.176109522
	0.174790866
	0.172589223
	0.169530898
	0.166146808
	0.163258914
	0.160448774
	0.1574497
	0.154897396
	0.151497465
	0.147472766
	0.143570685
	0.140436514
	0.13829681
	0.13618221
	0.133145403
	0.129242305
	0.12471589
	0.119535507
	0.114509555
	0.108971237
	0.104270825
	0.099970918
	0.095760751
	0.092238052
	0.088270347
	0.084428944
	0.080712609
	0.076662635
	0.072586792
	0.068658825
	0.064876434
	0.061731639
	0.058163408
	0.054724098
	0.051304251
	0.047586143
	0.044475651
	0.041864327
	0.039445549
	0.037449614
	0.035215529
	0.032931995
	0.030653533
	0.028115816
	0.026011243
	0.02401917
	0.022173819
	0.020896992
	0.019353541
	0.017891898
	0.016509406
	0.015029245
	0.013834064
	0.012771806
	0.011811412
	0.011025492
	0.010160193
	0.009343679
	0.00857467
	0.007795744
	0.007171182
	0.006581172
	0.006024877
	0.005571761
	0.00507536
	0.004617788
	0.004237388
	0.00384983
	0.00352954
	0.003227586
	0.002943352
	0.002712305
	0.002474024
	0.002200612
	0.001950147
	0.001691474
	0.001486382
	0.001300799
	0.001147883
	0.00104469
	0.000928714
	0.000881758
	0.000800728
	0.000705562
	0.000619068
	0.000540798
	0.000510505
	0.000490738
	0.000477568
	0.000465044
	0.000446663
	0.000435741
	0.000425602
	0.00041857
	0.000415608
	0.000408893
	0.000402392
	0.00039611
	0.000386675
	0.00038605
	0.000388063
	0.000390154
	0.000391079
	0.000393286
	0.000395571
	0.00039794
	0.000386383
	0.000378396
	0.000370594
	0.000362985
	0.000359763
	0.000352415
	0.000347711
	0.000348171
	0.000348924
	0.000349421
	0.000349934
	0.000350461
	0.000350686
	0.000352218
	0.000353759
	0.000355309
	0.00035776
	0.000359335
	0.000360539
	0.000360539
	0.000360539
	0.000360539
	0.000360539
	0.000360539
	0.000360539
	0.000360539
	0.000360539
	0.000360539
	0.000360539
	0.000360539
	0.000360539
	0.000360539
	0.000360539
	0.000360539
	0.000360539
	0.000360539
	0.000360539
	0.000360539
	0.000360539
	0.000360539
	0.000360539
	0.000360539
	0.000360539
	0.000360539
	0.000360539
	0.000360539
	0.000360539
	0.000360539
	0.000360539
	0.000360539
	0.000360539
	0.000360539
	0.000360539
	0.000360539
	0.000360539
	0.000360539
	0.000360539
	0.000360539
	0.000360539
	0.000360539
	0.000360539
	0.000360539
	0.000360539
	0.000360539
	0.000360539
	0.000360539
	0.000360539
	0.000360539
	0.000360539
	0.000360539
	0.000360539
	0.000360539
	0.000360539
	0.000360539
	0.000360539
	0.000360539
	0.000360539
	0.000360539
	0.000360539
	0.000360539
	0.000360539
	0.000360539
	0.000360539
	0.000360539
	0.000360539
	0.000360539
	0.000360539
	0.000360539
	0.000360539
	0.000360539
	0.000360539
	0.000360539
	0.000360539
	0.000360539
	0.000360539
	0.000360539
	0.000360539
	0.000360539
	0.000360539
	0.000360539
	0.000360539
	0.000360539
	0.000360539
	0.000360539
	0.000360539
	0.000360539
	0.000360539
	0.000360539
	0.000360539
	0.000360539
	0.000360539
	0.000360539
	0.000360539
	0.000360539
	0.000360539
	0.000360539
	0.000360539
	0.000360539
	0.000360539
	0.000360539
	0.000360539
	0.000360539
	0.000360539
	0.000360539
	0.000360539
	0.000360539
	0.000360539
	0.000360539
	0.000360539
	0.000360539
	0.000360539
	0.000360539
	0.000360539
	0.000360539
	0.000360539
	0.000360539
	0.000360539
	0.000360539
	0.000360539
	0.000360539
	0.000360539
	0.000360539
	0.000360539
	0.000360539
	0.000360539
	0.000360539
	0.000360539
	0.000360539
	0.000360539
	0.000360539
	0.000360539
	0.000360539
	0.000360539
	0.000360539
	0.000360539
	0.000360539
	0.000360539
	0.000360539
	0.000360539
	0.000360539
	0.000360539
	0.000360539
	0.000360539
	0.000360539
	0.000360539
	0.000360539
	0.000360539
	0.000360539
	0.000360539
	0.000360539
	0.000360539
	0.000360539
	0.000360539
	0.000360539
	0.000360539
	//Ymax
	0
	2.2631E-10
	4.11473E-10
	7.48132E-10
	1.36024E-09
	2.47316E-09
	4.49666E-09
	8.17575E-09
	1.4865E-08
	2.70273E-08
	4.91405E-08
	8.93463E-08
	1.62448E-07
	2.9536E-07
	5.37018E-07
	9.76396E-07
	1.77527E-06
	3.22776E-06
	5.86865E-06
	1.06703E-05
	1.94005E-05
	3.52736E-05
	6.41338E-05
	0.000116607
	0.000212013
	0.000385478
	0.000700868
	0.001274306
	0.00231692
	0.004212582
	0.00765924
	0.01392589
	0.0253198
	0.046036001
	0.08370182
	0.152185127
	0.27670023
	0.263325942
	0.253976712
	0.243920891
	0.230019227
	0.225594925
	0.224671403
	0.217764683
	0.208315768
	0.200708549
	0.194495947
	0.193982688
	0.192396879
	0.189471266
	0.186819746
	0.186373026
	0.184811408
	0.183306402
	0.18155537
	0.180570396
	0.181823954
	0.180650591
	0.180285841
	0.179400699
	0.178165095
	0.176988116
	0.176109522
	0.174790866
	0.172589223
	0.169530898
	0.166146808
	0.163258914
	0.160448774
	0.1574497
	0.154897396
	0.151497465
	0.147472766
	0.143570685
	0.140436514
	0.13829681
	0.13618221
	0.133145403
	0.129242305
	0.12471589
	0.119535507
	0.114509555
	0.108971237
	0.104270825
	0.099970918
	0.095760751
	0.092238052
	0.088270347
	0.084428944
	0.080712609
	0.076662635
	0.072586792
	0.068658825
	0.064876434
	0.061731639
	0.058163408
	0.054724098
	0.051304251
	0.047586143
	0.044475651
	0.041864327
	0.039445549
	0.037449614
	0.035215529
	0.032931995
	0.030653533
	0.028115816
	0.026011243
	0.02401917
	0.022173819
	0.020896992
	0.019353541
	0.017891898
	0.016509406
	0.015029245
	0.013834064
	0.012771806
	0.011811412
	0.011025492
	0.010160193
	0.009343679
	0.00857467
	0.007795744
	0.007171182
	0.006581172
	0.006024877
	0.005571761
	0.00507536
	0.004617788
	0.004237388
	0.00384983
	0.00352954
	0.003227586
	0.002943352
	0.002712305
	0.002474024
	0.002200612
	0.001950147
	0.001691474
	0.001486382
	0.001300799
	0.001147883
	0.00104469
	0.000928714
	0.000881758
	0.000800728
	0.000705562
	0.000619068
	0.000540798
	0.000510505
	0.000490738
	0.000477568
	0.000465044
	0.000446663
	0.000435741
	0.000425602
	0.00041857
	0.000415608
	0.000408893
	0.000402392
	0.00039611
	0.000386675
	0.00038605
	0.000388063
	0.000390154
	0.000391079
	0.000393286
	0.000395571
	0.00039794
	0.000386383
	0.000378396
	0.000370594
	0.000362985
	0.000359763
	0.000352415
	0.000347711
	0.000348171
	0.000348924
	0.000349421
	0.000349934
	0.000350461
	0.000350686
	0.000352218
	0.000353759
	0.000355309
	0.00035776
	0.000359335
	0.000360539
	0.000360539
	0.000360539
	0.000360539
	0.000360539
	0.000360539
	0.000360539
	0.000360539
	0.000360539
	0.000360539
	0.000360539
	0.000360539
	0.000360539
	0.000360539
	0.000360539
	0.000360539
	0.000360539
	0.000360539
	0.000360539
	0.000360539
	0.000360539
	0.000360539
	0.000360539
	0.000360539
	0.000360539
	0.000360539
	0.000360539
	0.000360539
	0.000360539
	0.000360539
	0.000360539
	0.000360539
	0.000360539
	0.000360539
	0.000360539
	0.000360539
	0.000360539
	0.000360539
	0.000360539
	0.000360539
	0.000360539
	0.000360539
	0.000360539
	0.000360539
	0.000360539
	0.000360539
	0.000360539
	0.000360539
	0.000360539
	0.000360539
	0.000360539
	0.000360539
	0.000360539
	0.000360539
	0.000360539
	0.000360539
	0.000360539
	0.000360539
	0.000360539
	0.000360539
	0.000360539
	0.000360539
	0.000360539
	0.000360539
	0.000360539
	0.000360539
	0.000360539
	0.000360539
	0.000360539
	0.000360539
	0.000360539
	0.000360539
	0.000360539
	0.000360539
	0.000360539
	0.000360539
	0.000360539
	0.000360539
	0.000360539
	0.000360539
	0.000360539
	0.000360539
	0.000360539
	0.000360539
	0.000360539
	0.000360539
	0.000360539
	0.000360539
	0.000360539
	0.000360539
	0.000360539
	0.000360539
	0.000360539
	0.000360539
	0.000360539
	0.000360539
	0.000360539
	0.000360539
	0.000360539
	0.000360539
	0.000360539
	0.000360539
	0.000360539
	0.000360539
	0.000360539
	0.000360539
	0.000360539
	0.000360539
	0.000360539
	0.000360539
	0.000360539
	0.000360539
	0.000360539
	0.000360539
	0.000360539
	0.000360539
	0.000360539
	0.000360539
	0.000360539
	0.000360539
	0.000360539
	0.000360539
	0.000360539
	0.000360539
	0.000360539
	0.000360539
	0.000360539
	0.000360539
	0.000360539
	0.000360539
	0.000360539
	0.000360539
	0.000360539
	0.000360539
	0.000360539
	0.000360539
	0.000360539
	0.000360539
	0.000360539
	0.000360539
	0.000360539
	0.000360539
	0.000360539
	0.000360539
	0.000360539
	0.000360539
	0.000360539
	0.000360539
	0.000360539
	0.000360539
	0.000360539
	0.000360539
	0.000360539
	0.000360539
	0.000360539
	0.000360539
	0.000360539
)	