688	
(	
	//Ymin
	1489.800599
	1354.364181
	1231.240165
	1119.309241
	1017.553855
	925.0489593
	840.9535994
	764.5032721
	695.0029747
	631.8208861
	574.3826237
	522.1660215
	474.6963832
	431.5421666
	392.3110605
	356.6464187
	324.224017
	294.7491063
	267.953733
	243.5943027
	221.4493661
	201.3176056
	183.0160051
	166.3781864
	151.2528968
	137.5026334
	125.002394
	113.63854
	103.3077636
	93.91614877
	85.37831706
	77.61665187
	70.56059261
	64.14599328
	58.31453935
	53.01321759
	48.19383417
	47.40449461
	46.83669813
	46.21021308
	45.31510793
	45.02268733
	44.96116657
	44.49563967
	43.84253799
	43.30223002
	42.8507562
	42.81302976
	42.6960449
	42.47852461
	42.27944048
	42.24571432
	42.12739102
	42.01272483
	41.8785213
	41.80265077
	41.89916213
	41.80883836
	41.78068076
	41.71219224
	41.61620878
	41.52436575
	41.45554077
	41.35181247
	41.17745773
	40.9327817
	40.65858925
	40.42164091
	40.18837441
	39.93640036
	39.71943035
	39.42666969
	39.07439362
	38.72667666
	38.44279761
	38.24655828
	38.05062234
	37.76565586
	37.39296223
	36.95123019
	36.43235802
	35.914422
	35.32582112
	34.8104183
	34.32518335
	33.83640023
	33.41629884
	32.93011515
	32.44532219
	31.96210945
	31.4183147
	30.85134995
	30.28450141
	29.71784372
	29.22969215
	28.65529746
	28.07897021
	27.48143604
	26.80084424
	26.20368748
	25.68047243
	25.17605288
	24.74404819
	24.24188456
	23.70614757
	23.14631278
	22.48908925
	21.91334479
	21.33901176
	20.77790739
	20.37118216
	19.85676286
	19.34373987
	18.83210167
	18.25158959
	17.75435498
	17.28777403
	16.84310842
	16.46092714
	16.01851651
	15.57737486
	15.137731
	14.66473327
	14.262157
	13.85977115
	13.45770624
	13.11150221
	12.7099527
	12.31590433
	11.96798492
	11.59138914
	11.26058661
	10.92985084
	10.59910141
	10.31417458
	10.00283111
	9.619876046
	9.240115915
	8.812045576
	8.440441008
	8.073436126
	7.743800064
	7.504425722
	7.215763896
	7.092045402
	6.867784851
	6.584154645
	6.303296513
	6.025596449
	5.910917715
	5.833620098
	5.780961301
	5.729979689
	5.653469687
	5.607006137
	5.563175862
	5.532369378
	5.519285955
	5.489399499
	5.460151687
	5.431590376
	5.388116195
	5.385213082
	5.39455475
	5.404226223
	5.408496782
	5.418649904
	5.429126228
	5.43993871
	5.386759181
	5.349384042
	5.312363995
	5.275756138
	5.260099829
	5.224039575
	5.200689562
	5.202985629
	5.206730387
	5.209205155
	5.211753276
	5.214367629
	5.215484246
	5.22306753
	5.230671936
	5.238301763
	5.250318493
	5.258009744
	5.263878619
	5.263878619
	5.263878619
	5.263878619
	5.263878619
	5.263878619
	5.263878619
	5.263878619
	5.263878619
	5.263878619
	5.263878619
	5.263878619
	5.263878619
	5.263878619
	5.263878619
	5.263878619
	5.263878619
	5.263878619
	5.263878619
	5.263878619
	5.263878619
	5.263878619
	5.263878619
	5.263878619
	5.263878619
	5.263878619
	5.263878619
	5.263878619
	5.263878619
	5.263878619
	5.263878619
	5.263878619
	5.263878619
	5.263878619
	5.263878619
	5.263878619
	5.263878619
	5.263878619
	5.263878619
	5.263878619
	5.263878619
	5.263878619
	5.263878619
	5.263878619
	5.263878619
	5.263878619
	5.263878619
	5.263878619
	5.263878619
	5.263878619
	5.263878619
	5.263878619
	5.263878619
	5.263878619
	5.263878619
	5.263878619
	5.263878619
	5.263878619
	5.263878619
	5.263878619
	5.263878619
	5.263878619
	5.263878619
	5.263878619
	5.263878619
	5.263878619
	5.263878619
	5.263878619
	5.263878619
	5.263878619
	5.263878619
	5.263878619
	5.263878619
	5.263878619
	5.263878619
	5.263878619
	5.263878619
	5.263878619
	5.263878619
	5.263878619
	5.263878619
	5.263878619
	5.263878619
	5.263878619
	5.263878619
	5.263878619
	5.263878619
	5.263878619
	5.263878619
	5.263878619
	5.263878619
	5.263878619
	5.263878619
	5.263878619
	5.263878619
	5.263878619
	5.263878619
	5.263878619
	5.263878619
	5.263878619
	5.263878619
	5.263878619
	5.263878619
	5.263878619
	5.263878619
	5.263878619
	5.263878619
	5.263878619
	5.263878619
	5.263878619
	5.263878619
	5.263878619
	5.263878619
	5.263878619
	5.263878619
	5.263878619
	5.263878619
	5.263878619
	5.263878619
	5.263878619
	5.263878619
	5.263878619
	5.263878619
	5.263878619
	5.263878619
	5.263878619
	5.263878619
	5.263878619
	5.263878619
	5.263878619
	5.263878619
	5.263878619
	5.263878619
	5.263878619
	5.263878619
	5.263878619
	5.263878619
	5.263878619
	5.263878619
	5.263878619
	5.263878619
	5.263878619
	5.263878619
	5.263878619
	5.263878619
	5.263878619
	5.263878619
	5.263878619
	5.263878619
	5.263878619
	5.263878619
	5.263878619
	5.263878619
	5.263878619
	5.263878619
	5.263878619
	5.263878619
	//Ymax
	1489.800599
	1354.364181
	1231.240165
	1119.309241
	1017.553855
	925.0489593
	840.9535994
	764.5032721
	695.0029747
	631.8208861
	574.3826237
	522.1660215
	474.6963832
	431.5421666
	392.3110605
	356.6464187
	324.224017
	294.7491063
	267.953733
	243.5943027
	221.4493661
	201.3176056
	183.0160051
	166.3781864
	151.2528968
	137.5026334
	125.002394
	113.63854
	103.3077636
	93.91614877
	85.37831706
	77.61665187
	70.56059261
	64.14599328
	58.31453935
	53.01321759
	48.19383417
	47.40449461
	46.83669813
	46.21021308
	45.31510793
	45.02268733
	44.96116657
	44.49563967
	43.84253799
	43.30223002
	42.8507562
	42.81302976
	42.6960449
	42.47852461
	42.27944048
	42.24571432
	42.12739102
	42.01272483
	41.8785213
	41.80265077
	41.89916213
	41.80883836
	41.78068076
	41.71219224
	41.61620878
	41.52436575
	41.45554077
	41.35181247
	41.17745773
	40.9327817
	40.65858925
	40.42164091
	40.18837441
	39.93640036
	39.71943035
	39.42666969
	39.07439362
	38.72667666
	38.44279761
	38.24655828
	38.05062234
	37.76565586
	37.39296223
	36.95123019
	36.43235802
	35.914422
	35.32582112
	34.8104183
	34.32518335
	33.83640023
	33.41629884
	32.93011515
	32.44532219
	31.96210945
	31.4183147
	30.85134995
	30.28450141
	29.71784372
	29.22969215
	28.65529746
	28.07897021
	27.48143604
	26.80084424
	26.20368748
	25.68047243
	25.17605288
	24.74404819
	24.24188456
	23.70614757
	23.14631278
	22.48908925
	21.91334479
	21.33901176
	20.77790739
	20.37118216
	19.85676286
	19.34373987
	18.83210167
	18.25158959
	17.75435498
	17.28777403
	16.84310842
	16.46092714
	16.01851651
	15.57737486
	15.137731
	14.66473327
	14.262157
	13.85977115
	13.45770624
	13.11150221
	12.7099527
	12.31590433
	11.96798492
	11.59138914
	11.26058661
	10.92985084
	10.59910141
	10.31417458
	10.00283111
	9.619876046
	9.240115915
	8.812045576
	8.440441008
	8.073436126
	7.743800064
	7.504425722
	7.215763896
	7.092045402
	6.867784851
	6.584154645
	6.303296513
	6.025596449
	5.910917715
	5.833620098
	5.780961301
	5.729979689
	5.653469687
	5.607006137
	5.563175862
	5.532369378
	5.519285955
	5.489399499
	5.460151687
	5.431590376
	5.388116195
	5.385213082
	5.39455475
	5.404226223
	5.408496782
	5.418649904
	5.429126228
	5.43993871
	5.386759181
	5.349384042
	5.312363995
	5.275756138
	5.260099829
	5.224039575
	5.200689562
	5.202985629
	5.206730387
	5.209205155
	5.211753276
	5.214367629
	5.215484246
	5.22306753
	5.230671936
	5.238301763
	5.250318493
	5.258009744
	5.263878619
	5.263878619
	5.263878619
	5.263878619
	5.263878619
	5.263878619
	5.263878619
	5.263878619
	5.263878619
	5.263878619
	5.263878619
	5.263878619
	5.263878619
	5.263878619
	5.263878619
	5.263878619
	5.263878619
	5.263878619
	5.263878619
	5.263878619
	5.263878619
	5.263878619
	5.263878619
	5.263878619
	5.263878619
	5.263878619
	5.263878619
	5.263878619
	5.263878619
	5.263878619
	5.263878619
	5.263878619
	5.263878619
	5.263878619
	5.263878619
	5.263878619
	5.263878619
	5.263878619
	5.263878619
	5.263878619
	5.263878619
	5.263878619
	5.263878619
	5.263878619
	5.263878619
	5.263878619
	5.263878619
	5.263878619
	5.263878619
	5.263878619
	5.263878619
	5.263878619
	5.263878619
	5.263878619
	5.263878619
	5.263878619
	5.263878619
	5.263878619
	5.263878619
	5.263878619
	5.263878619
	5.263878619
	5.263878619
	5.263878619
	5.263878619
	5.263878619
	5.263878619
	5.263878619
	5.263878619
	5.263878619
	5.263878619
	5.263878619
	5.263878619
	5.263878619
	5.263878619
	5.263878619
	5.263878619
	5.263878619
	5.263878619
	5.263878619
	5.263878619
	5.263878619
	5.263878619
	5.263878619
	5.263878619
	5.263878619
	5.263878619
	5.263878619
	5.263878619
	5.263878619
	5.263878619
	5.263878619
	5.263878619
	5.263878619
	5.263878619
	5.263878619
	5.263878619
	5.263878619
	5.263878619
	5.263878619
	5.263878619
	5.263878619
	5.263878619
	5.263878619
	5.263878619
	5.263878619
	5.263878619
	5.263878619
	5.263878619
	5.263878619
	5.263878619
	5.263878619
	5.263878619
	5.263878619
	5.263878619
	5.263878619
	5.263878619
	5.263878619
	5.263878619
	5.263878619
	5.263878619
	5.263878619
	5.263878619
	5.263878619
	5.263878619
	5.263878619
	5.263878619
	5.263878619
	5.263878619
	5.263878619
	5.263878619
	5.263878619
	5.263878619
	5.263878619
	5.263878619
	5.263878619
	5.263878619
	5.263878619
	5.263878619
	5.263878619
	5.263878619
	5.263878619
	5.263878619
	5.263878619
	5.263878619
	5.263878619
	5.263878619
	5.263878619
	5.263878619
	5.263878619
	5.263878619
	5.263878619
	5.263878619
	5.263878619
	5.263878619
	5.263878619
	5.263878619
)	