688	
(	
	//Ymin
	0
	5.94122E-12
	1.18824E-11
	2.37649E-11
	4.75298E-11
	9.50595E-11
	1.90119E-10
	3.80238E-10
	7.60476E-10
	1.52095E-09
	3.0419E-09
	6.08381E-09
	1.21676E-08
	2.43352E-08
	4.86705E-08
	9.7341E-08
	1.94682E-07
	3.89364E-07
	7.78728E-07
	1.55746E-06
	3.11491E-06
	6.22982E-06
	1.24596E-05
	2.49193E-05
	4.98386E-05
	9.96771E-05
	0.000199354
	0.000398709
	0.000797417
	0.001594834
	0.003189668
	0.006379337
	0.012758674
	0.025517347
	0.051034695
	0.102069389
	0.204138778
	0.197506592
	0.19280358
	0.187680216
	0.180479796
	0.178158021
	0.17767147
	0.174011304
	0.168940559
	0.164802228
	0.16138365
	0.161099606
	0.160220413
	0.158592046
	0.157108982
	0.156858432
	0.155980993
	0.155133022
	0.154143505
	0.153585493
	0.154295489
	0.153630964
	0.153424097
	0.152921512
	0.15221855
	0.151547427
	0.151045476
	0.150290543
	0.149025852
	0.147260093
	0.145293827
	0.143605288
	0.141952626
	0.140178171
	0.138659163
	0.136622662
	0.13419213
	0.131814447
	0.129889045
	0.128566338
	0.127252429
	0.125353544
	0.122891627
	0.12000528
	0.116658695
	0.113365345
	0.10967991
	0.106502803
	0.103554335
	0.100626151
	0.098142981
	0.095307933
	0.092522367
	0.089786992
	0.086757759
	0.083654806
	0.080608977
	0.077620626
	0.075091544
	0.072169284
	0.06929548
	0.066377578
	0.06313054
	0.060348624
	0.057962695
	0.055708035
	0.05381261
	0.051650593
	0.049392899
	0.04708756
	0.044451486
	0.042204611
	0.040021297
	0.037944267
	0.036473297
	0.034654485
	0.032886938
	0.031170239
	0.029278171
	0.02770463
	0.026267619
	0.024933718
	0.02381503
	0.022552108
	0.021327065
	0.020140216
	0.018901266
	0.017877755
	0.016883196
	0.015917859
	0.015109408
	0.014198106
	0.013331382
	0.012588808
	0.011809011
	0.011144603
	0.010499558
	0.009873716
	0.009349998
	0.00879404
	0.008133576
	0.007504079
	0.006824896
	0.00626142
	0.005728744
	0.005270488
	0.004949684
	0.004576223
	0.004420644
	0.00414549
	0.003810155
	0.00349203
	0.003191116
	0.003070806
	0.002991017
	0.002937262
	0.002885684
	0.002809136
	0.002763151
	0.00272012
	0.002690078
	0.00267737
	0.002648453
	0.002620306
	0.002592965
	0.002551623
	0.002548874
	0.002557724
	0.002566904
	0.002570962
	0.002580624
	0.002590612
	0.002600941
	0.002550338
	0.00251507
	0.00248038
	0.002446313
	0.002431815
	0.002398587
	0.002377193
	0.002379292
	0.002382718
	0.002384984
	0.002387318
	0.002389714
	0.002390737
	0.002397694
	0.002404681
	0.002411702
	0.002422779
	0.002429883
	0.00243531
	0.00243531
	0.00243531
	0.00243531
	0.00243531
	0.00243531
	0.00243531
	0.00243531
	0.00243531
	0.00243531
	0.00243531
	0.00243531
	0.00243531
	0.00243531
	0.00243531
	0.00243531
	0.00243531
	0.00243531
	0.00243531
	0.00243531
	0.00243531
	0.00243531
	0.00243531
	0.00243531
	0.00243531
	0.00243531
	0.00243531
	0.00243531
	0.00243531
	0.00243531
	0.00243531
	0.00243531
	0.00243531
	0.00243531
	0.00243531
	0.00243531
	0.00243531
	0.00243531
	0.00243531
	0.00243531
	0.00243531
	0.00243531
	0.00243531
	0.00243531
	0.00243531
	0.00243531
	0.00243531
	0.00243531
	0.00243531
	0.00243531
	0.00243531
	0.00243531
	0.00243531
	0.00243531
	0.00243531
	0.00243531
	0.00243531
	0.00243531
	0.00243531
	0.00243531
	0.00243531
	0.00243531
	0.00243531
	0.00243531
	0.00243531
	0.00243531
	0.00243531
	0.00243531
	0.00243531
	0.00243531
	0.00243531
	0.00243531
	0.00243531
	0.00243531
	0.00243531
	0.00243531
	0.00243531
	0.00243531
	0.00243531
	0.00243531
	0.00243531
	0.00243531
	0.00243531
	0.00243531
	0.00243531
	0.00243531
	0.00243531
	0.00243531
	0.00243531
	0.00243531
	0.00243531
	0.00243531
	0.00243531
	0.00243531
	0.00243531
	0.00243531
	0.00243531
	0.00243531
	0.00243531
	0.00243531
	0.00243531
	0.00243531
	0.00243531
	0.00243531
	0.00243531
	0.00243531
	0.00243531
	0.00243531
	0.00243531
	0.00243531
	0.00243531
	0.00243531
	0.00243531
	0.00243531
	0.00243531
	0.00243531
	0.00243531
	0.00243531
	0.00243531
	0.00243531
	0.00243531
	0.00243531
	0.00243531
	0.00243531
	0.00243531
	0.00243531
	0.00243531
	0.00243531
	0.00243531
	0.00243531
	0.00243531
	0.00243531
	0.00243531
	0.00243531
	0.00243531
	0.00243531
	0.00243531
	0.00243531
	0.00243531
	0.00243531
	0.00243531
	0.00243531
	0.00243531
	0.00243531
	0.00243531
	0.00243531
	0.00243531
	0.00243531
	0.00243531
	0.00243531
	0.00243531
	0.00243531
	0.00243531
	0.00243531
	0.00243531
	0.00243531
	0.00243531
	//Ymax
	0
	5.94122E-12
	1.18824E-11
	2.37649E-11
	4.75298E-11
	9.50595E-11
	1.90119E-10
	3.80238E-10
	7.60476E-10
	1.52095E-09
	3.0419E-09
	6.08381E-09
	1.21676E-08
	2.43352E-08
	4.86705E-08
	9.7341E-08
	1.94682E-07
	3.89364E-07
	7.78728E-07
	1.55746E-06
	3.11491E-06
	6.22982E-06
	1.24596E-05
	2.49193E-05
	4.98386E-05
	9.96771E-05
	0.000199354
	0.000398709
	0.000797417
	0.001594834
	0.003189668
	0.006379337
	0.012758674
	0.025517347
	0.051034695
	0.102069389
	0.204138778
	0.197506592
	0.19280358
	0.187680216
	0.180479796
	0.178158021
	0.17767147
	0.174011304
	0.168940559
	0.164802228
	0.16138365
	0.161099606
	0.160220413
	0.158592046
	0.157108982
	0.156858432
	0.155980993
	0.155133022
	0.154143505
	0.153585493
	0.154295489
	0.153630964
	0.153424097
	0.152921512
	0.15221855
	0.151547427
	0.151045476
	0.150290543
	0.149025852
	0.147260093
	0.145293827
	0.143605288
	0.141952626
	0.140178171
	0.138659163
	0.136622662
	0.13419213
	0.131814447
	0.129889045
	0.128566338
	0.127252429
	0.125353544
	0.122891627
	0.12000528
	0.116658695
	0.113365345
	0.10967991
	0.106502803
	0.103554335
	0.100626151
	0.098142981
	0.095307933
	0.092522367
	0.089786992
	0.086757759
	0.083654806
	0.080608977
	0.077620626
	0.075091544
	0.072169284
	0.06929548
	0.066377578
	0.06313054
	0.060348624
	0.057962695
	0.055708035
	0.05381261
	0.051650593
	0.049392899
	0.04708756
	0.044451486
	0.042204611
	0.040021297
	0.037944267
	0.036473297
	0.034654485
	0.032886938
	0.031170239
	0.029278171
	0.02770463
	0.026267619
	0.024933718
	0.02381503
	0.022552108
	0.021327065
	0.020140216
	0.018901266
	0.017877755
	0.016883196
	0.015917859
	0.015109408
	0.014198106
	0.013331382
	0.012588808
	0.011809011
	0.011144603
	0.010499558
	0.009873716
	0.009349998
	0.00879404
	0.008133576
	0.007504079
	0.006824896
	0.00626142
	0.005728744
	0.005270488
	0.004949684
	0.004576223
	0.004420644
	0.00414549
	0.003810155
	0.00349203
	0.003191116
	0.003070806
	0.002991017
	0.002937262
	0.002885684
	0.002809136
	0.002763151
	0.00272012
	0.002690078
	0.00267737
	0.002648453
	0.002620306
	0.002592965
	0.002551623
	0.002548874
	0.002557724
	0.002566904
	0.002570962
	0.002580624
	0.002590612
	0.002600941
	0.002550338
	0.00251507
	0.00248038
	0.002446313
	0.002431815
	0.002398587
	0.002377193
	0.002379292
	0.002382718
	0.002384984
	0.002387318
	0.002389714
	0.002390737
	0.002397694
	0.002404681
	0.002411702
	0.002422779
	0.002429883
	0.00243531
	0.00243531
	0.00243531
	0.00243531
	0.00243531
	0.00243531
	0.00243531
	0.00243531
	0.00243531
	0.00243531
	0.00243531
	0.00243531
	0.00243531
	0.00243531
	0.00243531
	0.00243531
	0.00243531
	0.00243531
	0.00243531
	0.00243531
	0.00243531
	0.00243531
	0.00243531
	0.00243531
	0.00243531
	0.00243531
	0.00243531
	0.00243531
	0.00243531
	0.00243531
	0.00243531
	0.00243531
	0.00243531
	0.00243531
	0.00243531
	0.00243531
	0.00243531
	0.00243531
	0.00243531
	0.00243531
	0.00243531
	0.00243531
	0.00243531
	0.00243531
	0.00243531
	0.00243531
	0.00243531
	0.00243531
	0.00243531
	0.00243531
	0.00243531
	0.00243531
	0.00243531
	0.00243531
	0.00243531
	0.00243531
	0.00243531
	0.00243531
	0.00243531
	0.00243531
	0.00243531
	0.00243531
	0.00243531
	0.00243531
	0.00243531
	0.00243531
	0.00243531
	0.00243531
	0.00243531
	0.00243531
	0.00243531
	0.00243531
	0.00243531
	0.00243531
	0.00243531
	0.00243531
	0.00243531
	0.00243531
	0.00243531
	0.00243531
	0.00243531
	0.00243531
	0.00243531
	0.00243531
	0.00243531
	0.00243531
	0.00243531
	0.00243531
	0.00243531
	0.00243531
	0.00243531
	0.00243531
	0.00243531
	0.00243531
	0.00243531
	0.00243531
	0.00243531
	0.00243531
	0.00243531
	0.00243531
	0.00243531
	0.00243531
	0.00243531
	0.00243531
	0.00243531
	0.00243531
	0.00243531
	0.00243531
	0.00243531
	0.00243531
	0.00243531
	0.00243531
	0.00243531
	0.00243531
	0.00243531
	0.00243531
	0.00243531
	0.00243531
	0.00243531
	0.00243531
	0.00243531
	0.00243531
	0.00243531
	0.00243531
	0.00243531
	0.00243531
	0.00243531
	0.00243531
	0.00243531
	0.00243531
	0.00243531
	0.00243531
	0.00243531
	0.00243531
	0.00243531
	0.00243531
	0.00243531
	0.00243531
	0.00243531
	0.00243531
	0.00243531
	0.00243531
	0.00243531
	0.00243531
	0.00243531
	0.00243531
	0.00243531
	0.00243531
	0.00243531
	0.00243531
	0.00243531
	0.00243531
	0.00243531
	0.00243531
	0.00243531
	0.00243531
	0.00243531
)	