688					
(					
	//Ymin				
	(	0	0	0	)
	(	0.010752363	0	0	)
	(	0.069101483	0	0	)
	(	0.102820623	0	0	)
	(	0.139120258	0	0	)
	(	0.179583159	0	0	)
	(	0.223142656	0	0	)
	(	0.271698334	0	0	)
	(	0.323969796	0	0	)
	(	0.382235165	0	0	)
	(	0.444961576	0	0	)
	(	0.514881201	0	0	)
	(	0.590152237	0	0	)
	(	0.674057758	0	0	)
	(	0.764381688	0	0	)
	(	0.865066999	0	0	)
	(	0.973457685	0	0	)
	(	1.094278089	0	0	)
	(	1.224346911	0	0	)
	(	1.369334022	0	0	)
	(	1.52541464	0	0	)
	(	1.69939786	0	0	)
	(	1.886697228	0	0	)
	(	1.98	0	0	)
	(	2.1375	0	0	)
	(	2.25	0	0	)
	(	2.475	0	0	)
	(	2.5875	0	0	)
	(	2.7	0	0	)
	(	2.79	0	0	)
	(	2.874642215	0	0	)
	(	2.915086152	0	0	)
	(	2.955162515	0	0	)
	(	2.996299554	0	0	)
	(	3.037094804	0	0	)
	(	3.079004589	0	0	)
	(	3.120596207	0	0	)
	(	3.163348085	0	0	)
	(	3.205797955	0	0	)
	(	3.24945416	0	0	)
	(	3.308393612	0	0	)
	(	3.342986393	0	0	)
	(	3.350035338	0	0	)
	(	3.401084151	0	0	)
	(	3.490555853	0	0	)
	(	3.563726201	0	0	)
	(	3.620326559	0	0	)
	(	3.680080748	0	0	)
	(	3.734573448	0	0	)
	(	3.78473043	0	0	)
	(	3.837392388	0	0	)
	(	3.880349262	0	0	)
	(	3.920637173	0	0	)
	(	3.958593741	0	0	)
	(	3.989626961	0	0	)
	(	4.023919276	0	0	)
	(	4.056526711	0	0	)
	(	4.087621837	0	0	)
	(	4.121357209	0	0	)
	(	4.149669402	0	0	)
	(	4.176844146	0	0	)
	(	4.202984657	0	0	)
	(	4.224731992	0	0	)
	(	4.249145198	0	0	)
	(	4.272729909	0	0	)
	(	4.295538341	0	0	)
	(	4.320634817	0	0	)
	(	4.341965751	0	0	)
	(	4.36267539	0	0	)
	(	4.382798718	0	0	)
	(	4.399696671	0	0	)
	(	4.418823225	0	0	)
	(	4.43745849	0	0	)
	(	4.455631088	0	0	)
	(	4.475783197	0	0	)
	(	4.493043212	0	0	)
	(	4.5099079	0	0	)
	(	4.526400379	0	0	)
	(	4.540323632	0	0	)
	(	4.556166075	0	0	)
	(	4.571684736	0	0	)
	(	4.586889743	0	0	)
	(	4.603839237	0	0	)
	(	4.618424998	0	0	)
	(	4.632735848	0	0	)
	(	4.646786271	0	0	)
	(	4.658691915	0	0	)
	(	4.672282107	0	0	)
	(	4.685640887	0	0	)
	(	4.698773309	0	0	)
	(	4.713461044	0	0	)
	(	4.726139503	0	0	)
	(	4.738617119	0	0	)
	(	4.75089909	0	0	)
	(	4.761330958	0	0	)
	(	4.773270111	0	0	)
	(	4.785032732	0	0	)
	(	4.796624379	0	0	)
	(	4.809618355	0	0	)
	(	4.820861853	0	0	)
	(	4.831948764	0	0	)
	(	4.842886511	0	0	)
	(	4.852192204	0	0	)
	(	4.862859707	0	0	)
	(	4.873389973	0	0	)
	(	4.883784131	0	0	)
	(	4.895459799	0	0	)
	(	4.905577957	0	0	)
	(	4.915573706	0	0	)
	(	4.925447701	0	0	)
	(	4.933861233	0	0	)
	(	4.943520385	0	0	)
	(	4.953066386	0	0	)
	(	4.962504469	0	0	)
	(	4.973118838	0	0	)
	(	4.982332336	0	0	)
	(	4.99144356	0	0	)
	(	5.000457229	0	0	)
	(	5.008145291	0	0	)
	(	5.016980067	0	0	)
	(	5.025723593	0	0	)
	(	5.034375681	0	0	)
	(	5.044119747	0	0	)
	(	5.052585325	0	0	)
	(	5.060967719	0	0	)
	(	5.069266566	0	0	)
	(	5.076352326	0	0	)
	(	5.08450329	0	0	)
	(	5.092575565	0	0	)
	(	5.100572815	0	0	)
	(	5.109585843	0	0	)
	(	5.117425524	0	0	)
	(	5.125192804	0	0	)
	(	5.132891078	0	0	)
	(	5.139468212	0	0	)
	(	5.14	0	0	)
	(	5.14	0	0	)
	(	5.14	0	0	)
	(	5.14	0	0	)
	(	5.14	0	0	)
	(	5.14	0	0	)
	(	5.14	0	0	)
	(	5.14	0	0	)
	(	5.14	0	0	)
	(	5.14	0	0	)
	(	5.14	0	0	)
	(	5.14	0	0	)
	(	5.14	0	0	)
	(	5.14	0	0	)
	(	5.14	0	0	)
	(	5.14	0	0	)
	(	5.14	0	0	)
	(	5.14	0	0	)
	(	5.14	0	0	)
	(	5.14	0	0	)
	(	5.14	0	0	)
	(	5.14	0	0	)
	(	5.14	0	0	)
	(	5.14	0	0	)
	(	5.14	0	0	)
	(	5.14	0	0	)
	(	5.14	0	0	)
	(	5.14	0	0	)
	(	5.14	0	0	)
	(	5.14	0	0	)
	(	5.14	0	0	)
	(	5.14	0	0	)
	(	5.14	0	0	)
	(	5.14	0	0	)
	(	5.14	0	0	)
	(	5.14	0	0	)
	(	5.14	0	0	)
	(	5.14	0	0	)
	(	5.14	0	0	)
	(	5.14	0	0	)
	(	5.14	0	0	)
	(	5.14	0	0	)
	(	5.14	0	0	)
	(	5.14	0	0	)
	(	5.14	0	0	)
	(	5.14	0	0	)
	(	5.14	0	0	)
	(	5.14	0	0	)
	(	5.14	0	0	)
	(	5.14	0	0	)
	(	5.14	0	0	)
	(	5.14	0	0	)
	(	5.14	0	0	)
	(	5.14	0	0	)
	(	5.14	0	0	)
	(	5.14	0	0	)
	(	5.14	0	0	)
	(	5.14	0	0	)
	(	5.14	0	0	)
	(	5.14	0	0	)
	(	5.14	0	0	)
	(	5.14	0	0	)
	(	5.14	0	0	)
	(	5.14	0	0	)
	(	5.14	0	0	)
	(	5.14	0	0	)
	(	5.14	0	0	)
	(	5.14	0	0	)
	(	5.14	0	0	)
	(	5.14	0	0	)
	(	5.14	0	0	)
	(	5.14	0	0	)
	(	5.14	0	0	)
	(	5.14	0	0	)
	(	5.14	0	0	)
	(	5.14	0	0	)
	(	5.14	0	0	)
	(	5.14	0	0	)
	(	5.14	0	0	)
	(	5.14	0	0	)
	(	5.14	0	0	)
	(	5.14	0	0	)
	(	5.14	0	0	)
	(	5.14	0	0	)
	(	5.14	0	0	)
	(	5.14	0	0	)
	(	5.14	0	0	)
	(	5.14	0	0	)
	(	5.14	0	0	)
	(	5.14	0	0	)
	(	5.14	0	0	)
	(	5.14	0	0	)
	(	5.14	0	0	)
	(	5.14	0	0	)
	(	5.14	0	0	)
	(	5.14	0	0	)
	(	5.14	0	0	)
	(	5.14	0	0	)
	(	5.14	0	0	)
	(	5.14	0	0	)
	(	5.14	0	0	)
	(	5.14	0	0	)
	(	5.14	0	0	)
	(	5.14	0	0	)
	(	5.14	0	0	)
	(	5.14	0	0	)
	(	5.14	0	0	)
	(	5.14	0	0	)
	(	5.14	0	0	)
	(	5.14	0	0	)
	(	5.14	0	0	)
	(	5.14	0	0	)
	(	5.14	0	0	)
	(	5.14	0	0	)
	(	5.14	0	0	)
	(	5.14	0	0	)
	(	5.14	0	0	)
	(	5.14	0	0	)
	(	5.14	0	0	)
	(	5.14	0	0	)
	(	5.14	0	0	)
	(	5.14	0	0	)
	(	5.14	0	0	)
	(	5.14	0	0	)
	(	5.14	0	0	)
	(	5.14	0	0	)
	(	5.14	0	0	)
	(	5.14	0	0	)
	(	5.14	0	0	)
	(	5.14	0	0	)
	(	5.14	0	0	)
	(	5.14	0	0	)
	(	5.14	0	0	)
	(	5.14	0	0	)
	(	5.14	0	0	)
	(	5.14	0	0	)
	(	5.14	0	0	)
	(	5.14	0	0	)
	(	5.14	0	0	)
	(	5.14	0	0	)
	(	5.14	0	0	)
	(	5.14	0	0	)
	(	5.14	0	0	)
	(	5.14	0	0	)
	(	5.14	0	0	)
	(	5.14	0	0	)
	(	5.14	0	0	)
	(	5.14	0	0	)
	(	5.14	0	0	)
	(	5.14	0	0	)
	(	5.14	0	0	)
	(	5.14	0	0	)
	(	5.14	0	0	)
	(	5.14	0	0	)
	(	5.14	0	0	)
	(	5.14	0	0	)
	(	5.14	0	0	)
	(	5.14	0	0	)
	(	5.14	0	0	)
	(	5.14	0	0	)
	(	5.14	0	0	)
	(	5.14	0	0	)
	(	5.14	0	0	)
	(	5.14	0	0	)
	(	5.14	0	0	)
	(	5.14	0	0	)
	(	5.14	0	0	)
	(	5.14	0	0	)
	(	5.14	0	0	)
	(	5.14	0	0	)
	(	5.14	0	0	)
	(	5.14	0	0	)
	(	5.14	0	0	)
	(	5.14	0	0	)
	(	5.14	0	0	)
	(	5.14	0	0	)
	(	5.14	0	0	)
	(	5.14	0	0	)
	(	5.14	0	0	)
	(	5.14	0	0	)
	(	5.14	0	0	)
	(	5.14	0	0	)
	(	5.14	0	0	)
	(	5.14	0	0	)
	(	5.14	0	0	)
	(	5.14	0	0	)
	(	5.14	0	0	)
	(	5.14	0	0	)
	(	5.14	0	0	)
	(	5.14	0	0	)
	(	5.14	0	0	)
	(	5.14	0	0	)
	(	5.14	0	0	)
	(	5.14	0	0	)
	(	5.14	0	0	)
	(	5.14	0	0	)
	(	5.14	0	0	)
	(	5.14	0	0	)
	(	5.14	0	0	)
	(	5.14	0	0	)
	(	5.14	0	0	)
	(	5.14	0	0	)
	(	5.14	0	0	)
	(	5.14	0	0	)
	(	5.14	0	0	)
	(	5.14	0	0	)
	(	5.14	0	0	)
	(	5.14	0	0	)
	(	5.14	0	0	)
	//Ymax				
	(	0	0	0	)
	(	0.010752363	0	0	)
	(	0.069101483	0	0	)
	(	0.102820623	0	0	)
	(	0.139120258	0	0	)
	(	0.179583159	0	0	)
	(	0.223142656	0	0	)
	(	0.271698334	0	0	)
	(	0.323969796	0	0	)
	(	0.382235165	0	0	)
	(	0.444961576	0	0	)
	(	0.514881201	0	0	)
	(	0.590152237	0	0	)
	(	0.674057758	0	0	)
	(	0.764381688	0	0	)
	(	0.865066999	0	0	)
	(	0.973457685	0	0	)
	(	1.094278089	0	0	)
	(	1.224346911	0	0	)
	(	1.369334022	0	0	)
	(	1.52541464	0	0	)
	(	1.69939786	0	0	)
	(	1.886697228	0	0	)
	(	1.98	0	0	)
	(	2.1375	0	0	)
	(	2.25	0	0	)
	(	2.475	0	0	)
	(	2.5875	0	0	)
	(	2.7	0	0	)
	(	2.79	0	0	)
	(	2.874642215	0	0	)
	(	2.915086152	0	0	)
	(	2.955162515	0	0	)
	(	2.996299554	0	0	)
	(	3.037094804	0	0	)
	(	3.079004589	0	0	)
	(	3.120596207	0	0	)
	(	3.163348085	0	0	)
	(	3.205797955	0	0	)
	(	3.24945416	0	0	)
	(	3.308393612	0	0	)
	(	3.342986393	0	0	)
	(	3.350035338	0	0	)
	(	3.401084151	0	0	)
	(	3.490555853	0	0	)
	(	3.563726201	0	0	)
	(	3.620326559	0	0	)
	(	3.680080748	0	0	)
	(	3.734573448	0	0	)
	(	3.78473043	0	0	)
	(	3.837392388	0	0	)
	(	3.880349262	0	0	)
	(	3.920637173	0	0	)
	(	3.958593741	0	0	)
	(	3.989626961	0	0	)
	(	4.023919276	0	0	)
	(	4.056526711	0	0	)
	(	4.087621837	0	0	)
	(	4.121357209	0	0	)
	(	4.149669402	0	0	)
	(	4.176844146	0	0	)
	(	4.202984657	0	0	)
	(	4.224731992	0	0	)
	(	4.249145198	0	0	)
	(	4.272729909	0	0	)
	(	4.295538341	0	0	)
	(	4.320634817	0	0	)
	(	4.341965751	0	0	)
	(	4.36267539	0	0	)
	(	4.382798718	0	0	)
	(	4.399696671	0	0	)
	(	4.418823225	0	0	)
	(	4.43745849	0	0	)
	(	4.455631088	0	0	)
	(	4.475783197	0	0	)
	(	4.493043212	0	0	)
	(	4.5099079	0	0	)
	(	4.526400379	0	0	)
	(	4.540323632	0	0	)
	(	4.556166075	0	0	)
	(	4.571684736	0	0	)
	(	4.586889743	0	0	)
	(	4.603839237	0	0	)
	(	4.618424998	0	0	)
	(	4.632735848	0	0	)
	(	4.646786271	0	0	)
	(	4.658691915	0	0	)
	(	4.672282107	0	0	)
	(	4.685640887	0	0	)
	(	4.698773309	0	0	)
	(	4.713461044	0	0	)
	(	4.726139503	0	0	)
	(	4.738617119	0	0	)
	(	4.75089909	0	0	)
	(	4.761330958	0	0	)
	(	4.773270111	0	0	)
	(	4.785032732	0	0	)
	(	4.796624379	0	0	)
	(	4.809618355	0	0	)
	(	4.820861853	0	0	)
	(	4.831948764	0	0	)
	(	4.842886511	0	0	)
	(	4.852192204	0	0	)
	(	4.862859707	0	0	)
	(	4.873389973	0	0	)
	(	4.883784131	0	0	)
	(	4.895459799	0	0	)
	(	4.905577957	0	0	)
	(	4.915573706	0	0	)
	(	4.925447701	0	0	)
	(	4.933861233	0	0	)
	(	4.943520385	0	0	)
	(	4.953066386	0	0	)
	(	4.962504469	0	0	)
	(	4.973118838	0	0	)
	(	4.982332336	0	0	)
	(	4.99144356	0	0	)
	(	5.000457229	0	0	)
	(	5.008145291	0	0	)
	(	5.016980067	0	0	)
	(	5.025723593	0	0	)
	(	5.034375681	0	0	)
	(	5.044119747	0	0	)
	(	5.052585325	0	0	)
	(	5.060967719	0	0	)
	(	5.069266566	0	0	)
	(	5.076352326	0	0	)
	(	5.08450329	0	0	)
	(	5.092575565	0	0	)
	(	5.100572815	0	0	)
	(	5.109585843	0	0	)
	(	5.117425524	0	0	)
	(	5.125192804	0	0	)
	(	5.132891078	0	0	)
	(	5.139468212	0	0	)
	(	5.14	0	0	)
	(	5.14	0	0	)
	(	5.14	0	0	)
	(	5.14	0	0	)
	(	5.14	0	0	)
	(	5.14	0	0	)
	(	5.14	0	0	)
	(	5.14	0	0	)
	(	5.14	0	0	)
	(	5.14	0	0	)
	(	5.14	0	0	)
	(	5.14	0	0	)
	(	5.14	0	0	)
	(	5.14	0	0	)
	(	5.14	0	0	)
	(	5.14	0	0	)
	(	5.14	0	0	)
	(	5.14	0	0	)
	(	5.14	0	0	)
	(	5.14	0	0	)
	(	5.14	0	0	)
	(	5.14	0	0	)
	(	5.14	0	0	)
	(	5.14	0	0	)
	(	5.14	0	0	)
	(	5.14	0	0	)
	(	5.14	0	0	)
	(	5.14	0	0	)
	(	5.14	0	0	)
	(	5.14	0	0	)
	(	5.14	0	0	)
	(	5.14	0	0	)
	(	5.14	0	0	)
	(	5.14	0	0	)
	(	5.14	0	0	)
	(	5.14	0	0	)
	(	5.14	0	0	)
	(	5.14	0	0	)
	(	5.14	0	0	)
	(	5.14	0	0	)
	(	5.14	0	0	)
	(	5.14	0	0	)
	(	5.14	0	0	)
	(	5.14	0	0	)
	(	5.14	0	0	)
	(	5.14	0	0	)
	(	5.14	0	0	)
	(	5.14	0	0	)
	(	5.14	0	0	)
	(	5.14	0	0	)
	(	5.14	0	0	)
	(	5.14	0	0	)
	(	5.14	0	0	)
	(	5.14	0	0	)
	(	5.14	0	0	)
	(	5.14	0	0	)
	(	5.14	0	0	)
	(	5.14	0	0	)
	(	5.14	0	0	)
	(	5.14	0	0	)
	(	5.14	0	0	)
	(	5.14	0	0	)
	(	5.14	0	0	)
	(	5.14	0	0	)
	(	5.14	0	0	)
	(	5.14	0	0	)
	(	5.14	0	0	)
	(	5.14	0	0	)
	(	5.14	0	0	)
	(	5.14	0	0	)
	(	5.14	0	0	)
	(	5.14	0	0	)
	(	5.14	0	0	)
	(	5.14	0	0	)
	(	5.14	0	0	)
	(	5.14	0	0	)
	(	5.14	0	0	)
	(	5.14	0	0	)
	(	5.14	0	0	)
	(	5.14	0	0	)
	(	5.14	0	0	)
	(	5.14	0	0	)
	(	5.14	0	0	)
	(	5.14	0	0	)
	(	5.14	0	0	)
	(	5.14	0	0	)
	(	5.14	0	0	)
	(	5.14	0	0	)
	(	5.14	0	0	)
	(	5.14	0	0	)
	(	5.14	0	0	)
	(	5.14	0	0	)
	(	5.14	0	0	)
	(	5.14	0	0	)
	(	5.14	0	0	)
	(	5.14	0	0	)
	(	5.14	0	0	)
	(	5.14	0	0	)
	(	5.14	0	0	)
	(	5.14	0	0	)
	(	5.14	0	0	)
	(	5.14	0	0	)
	(	5.14	0	0	)
	(	5.14	0	0	)
	(	5.14	0	0	)
	(	5.14	0	0	)
	(	5.14	0	0	)
	(	5.14	0	0	)
	(	5.14	0	0	)
	(	5.14	0	0	)
	(	5.14	0	0	)
	(	5.14	0	0	)
	(	5.14	0	0	)
	(	5.14	0	0	)
	(	5.14	0	0	)
	(	5.14	0	0	)
	(	5.14	0	0	)
	(	5.14	0	0	)
	(	5.14	0	0	)
	(	5.14	0	0	)
	(	5.14	0	0	)
	(	5.14	0	0	)
	(	5.14	0	0	)
	(	5.14	0	0	)
	(	5.14	0	0	)
	(	5.14	0	0	)
	(	5.14	0	0	)
	(	5.14	0	0	)
	(	5.14	0	0	)
	(	5.14	0	0	)
	(	5.14	0	0	)
	(	5.14	0	0	)
	(	5.14	0	0	)
	(	5.14	0	0	)
	(	5.14	0	0	)
	(	5.14	0	0	)
	(	5.14	0	0	)
	(	5.14	0	0	)
	(	5.14	0	0	)
	(	5.14	0	0	)
	(	5.14	0	0	)
	(	5.14	0	0	)
	(	5.14	0	0	)
	(	5.14	0	0	)
	(	5.14	0	0	)
	(	5.14	0	0	)
	(	5.14	0	0	)
	(	5.14	0	0	)
	(	5.14	0	0	)
	(	5.14	0	0	)
	(	5.14	0	0	)
	(	5.14	0	0	)
	(	5.14	0	0	)
	(	5.14	0	0	)
	(	5.14	0	0	)
	(	5.14	0	0	)
	(	5.14	0	0	)
	(	5.14	0	0	)
	(	5.14	0	0	)
	(	5.14	0	0	)
	(	5.14	0	0	)
	(	5.14	0	0	)
	(	5.14	0	0	)
	(	5.14	0	0	)
	(	5.14	0	0	)
	(	5.14	0	0	)
	(	5.14	0	0	)
	(	5.14	0	0	)
	(	5.14	0	0	)
	(	5.14	0	0	)
	(	5.14	0	0	)
	(	5.14	0	0	)
	(	5.14	0	0	)
	(	5.14	0	0	)
	(	5.14	0	0	)
	(	5.14	0	0	)
	(	5.14	0	0	)
	(	5.14	0	0	)
	(	5.14	0	0	)
	(	5.14	0	0	)
	(	5.14	0	0	)
	(	5.14	0	0	)
	(	5.14	0	0	)
	(	5.14	0	0	)
	(	5.14	0	0	)
	(	5.14	0	0	)
	(	5.14	0	0	)
	(	5.14	0	0	)
	(	5.14	0	0	)
	(	5.14	0	0	)
	(	5.14	0	0	)
	(	5.14	0	0	)
	(	5.14	0	0	)
	(	5.14	0	0	)
	(	5.14	0	0	)
	(	5.14	0	0	)
	(	5.14	0	0	)
	(	5.14	0	0	)
	(	5.14	0	0	)
	(	5.14	0	0	)
	(	5.14	0	0	)
	(	5.14	0	0	)
	(	5.14	0	0	)
	(	5.14	0	0	)
	(	5.14	0	0	)
	(	5.14	0	0	)
	(	5.14	0	0	)
	(	5.14	0	0	)
	(	5.14	0	0	)
)					